nimo3,QsPCqbYnOtm)yS
